outer_x = -0.554,-0.65,-0.64,-0.59,-0.645,-0.625,-0.55,-0.52,-0.48,-0.483,-0.44,-0.366,-0.475,-0.475,-0.325,-0.248,-.17,-.05,.045,.1,.2,.34,.315,.26,.3,.344,.39,.41,.45,.47,.558,.52,.58,.485,.53,-.32,-.25,.405,.425,.45,.445,.473,.515,.66,.55,.51,.45,.34,.2,.005,0.21,0.16,-0.04,-0.067,-0.12,-0.205,-0.21,-0.187,-0.315,-0.395,-0.45,-0.465

outer_y = 0.09,0.095,0.15,0.17,.23,.28,0.225,.32,.28,0.188,0.19,0.39,0.5,0.66,0.6,0.66,.6,.645,.63,.75,.71,.755,.57,.503,.45,.38,.5,.55,.53,.47,.5,.42,.37,.335,.53,0.5,0.5,.41,.185,.076,-.046,-.0565,.04,-.054,-.21,-.22,-.3,-.355,-.48,-.555,0.6,0.57,-0.61,-0.76,-0.65,-0.71,-0.67, -0.61,-0.45,-0.35,-0.2,-0.047

circle3_x = 0,-0.06,-0.09,-0.063,0.007,0.051,
circle3_y = -0.2,-0.16,-0.03,0.08,0.06,-0.1,

circle1_x = -0.19,-0.14,-0.17,-0.25,-0.26
circle1_y = 0.063,-0.033,-0.19,-0.21,-0.03

circle2_x = 0.09,0.075,0.14,0.22,0.18
circle2_y = 0.13,0.0255,-0.1,-0.06,0.09

x_{6} = ,0.22,0.25,0.11,0.03,-0.04
y_{6} =,0.48,0.34,0.26,0.41,0.55

eyeconnect_x = -0.17 ,-0.15,-0.26,-0.36,-0.34
eyeconnect_y = 0.43,0.3,0.17,0.25,0.375

eyeconnect_x1 = 0.22,0.25,0.11,0.03, 0.0746
eyeconnect_y1 = 0.48,0.34,0.26,0.41, 0.5077

https://www.reddit.com/r/desmos/comments/dfnpe2/anyway_to_exportcopypaste_data_out_of_a_desmos/